[gd_scene load_steps=14 format=2]

[ext_resource path="res://Menu/Menu3DBackground.gd" type="Script" id=1]
[ext_resource path="res://Menu/menu_rotate.tres" type="Animation" id=2]
[ext_resource path="res://Menu/menu_slideIn.tres" type="Animation" id=3]
[ext_resource path="res://Assets/CactusModel.tscn" type="PackedScene" id=4]
[ext_resource path="res://water_test_scene/Material_001.material" type="Material" id=5]
[ext_resource path="res://Assets/lowPolyObjectPack/Cactus A.tscn" type="PackedScene" id=6]
[ext_resource path="res://Assets/lowPolyObjectPack/Cactus B.tscn" type="PackedScene" id=7]
[ext_resource path="res://Assets/lowPolyObjectPack/Tree.tscn" type="PackedScene" id=8]
[ext_resource path="res://Assets/lowPolyObjectPack/tower.tscn" type="PackedScene" id=9]
[ext_resource path="res://Assets/lowPolyObjectPack/cart.tscn" type="PackedScene" id=10]
[ext_resource path="res://water_test_scene/waterPoolMaterial.tres" type="Material" id=11]

[sub_resource type="QuadMesh" id=1]
size = Vector2( 200, 50 )

[sub_resource type="SphereMesh" id=2]

[node name="menu3D" type="Spatial"]
script = ExtResource( 1 )

[node name="AnimationPlayer" type="AnimationPlayer" parent="."]
autoplay = "menu_slideIn"
anims/menu_rotate = ExtResource( 2 )
anims/menu_slideIn = ExtResource( 3 )

[node name="Camera" type="Camera" parent="."]
transform = Transform( 1, 0, 0, 0, 1, 0, 0, 0, 1, 0, 1.87467, 4.03919 )

[node name="cactus" parent="." instance=ExtResource( 4 )]
transform = Transform( 0.390376, 0, -0.920655, 0, 1, 0, 0.920655, 0, 0.390376, 9.35275, -1.31565, 1.95264 )

[node name="Timer" type="Timer" parent="."]
wait_time = 8.0

[node name="MeshInstance" type="MeshInstance" parent="."]
transform = Transform( 1, 0, 0, 0, 0.136934, 0.99058, 0, -0.99058, 0.136934, 0, -0.826363, -18.8208 )
mesh = SubResource( 1 )
material/0 = ExtResource( 5 )

[node name="DirectionalLight" type="DirectionalLight" parent="."]
transform = Transform( -0.992929, 0.0162343, 0.117591, 0.0651701, 0.902518, 0.425692, -0.0992174, 0.430345, -0.897195, -0.528602, 15.581, -54.97 )
light_energy = 0.35
light_indirect_energy = 4.72
light_specular = 0.44
shadow_enabled = true
shadow_bias = -0.46
shadow_contact = 0.37

[node name="Cactus A" parent="." instance=ExtResource( 6 )]
transform = Transform( 1, 0, 0, 0, 1, 0, 0, 0, 1, 0, -0.638745, -15.7556 )

[node name="Cactus A3" parent="." instance=ExtResource( 6 )]
transform = Transform( 1, 0, 0, 0, 1, 0, 0, 0, 1, -20.3227, 0, -22.3608 )

[node name="Cactus A2" parent="." instance=ExtResource( 6 )]
transform = Transform( 0.786543, 0, -0.617535, 0, 1, 0, 0.617535, 0, 0.786543, 3.75538, -1.64702, -7.09168 )

[node name="Cactus A4" parent="." instance=ExtResource( 6 )]
transform = Transform( 0.786543, 0, -0.617535, 0, 1, 0, 0.617535, 0, 0.786543, -10.996, -0.1993, -17.3402 )

[node name="Cactus B" parent="." instance=ExtResource( 7 )]
transform = Transform( 0.972733, 0, -0.231927, 0, 1, 0, 0.231927, 0, 0.972733, -7.11406, -1.17366, -11.3221 )

[node name="Cactus B6" parent="." instance=ExtResource( 7 )]
transform = Transform( 0.972733, 0, -0.231927, 0, 1, 0, 0.231927, 0, 0.972733, -26.8826, 0, -23.742 )

[node name="Cactus B11" parent="." instance=ExtResource( 7 )]
transform = Transform( -0.939247, -0.0641, 0.337203, -0.0179608, 0.99024, 0.13821, -0.342771, 0.123757, -0.931232, 34.445, 1.79405, -34.5201 )

[node name="Cactus B2" parent="." instance=ExtResource( 7 )]
transform = Transform( 0.979439, 0, 0.201739, 0, 1, 0, -0.201739, 0, 0.979439, -2.68597, 1.06017, -26.1545 )

[node name="Cactus B7" parent="." instance=ExtResource( 7 )]
transform = Transform( -0.843827, 0, -0.536615, -0.074789, 0.99024, 0.117606, 0.531377, 0.139372, -0.835592, 12.5574, 1.00387, -26.5847 )

[node name="Cactus B4" parent="." instance=ExtResource( 7 )]
transform = Transform( 0.979439, 0, 0.201739, 0, 1, 0, -0.201739, 0, 0.979439, -22.4545, 1.06017, -30.8679 )

[node name="Cactus B8" parent="." instance=ExtResource( 7 )]
transform = Transform( -0.993676, -0.0641, -0.0921871, -0.074789, 0.99024, 0.117606, 0.0837488, 0.123757, -0.988772, 29.2, 1.69624, -27.8876 )

[node name="Cactus B3" parent="." instance=ExtResource( 7 )]
transform = Transform( -0.927814, 0, 0.373042, 0, 1, 0, -0.373042, 0, -0.927814, 6.99102, 0.468739, -23.8473 )

[node name="Cactus B10" parent="." instance=ExtResource( 7 )]
transform = Transform( 0.999819, 0, -0.0189979, -0.00264777, 0.99024, -0.139347, 0.0188125, 0.139372, 0.990061, 2.69207, 0.68118, -25.3152 )

[node name="Cactus B5" parent="." instance=ExtResource( 7 )]
transform = Transform( -0.927814, 0, 0.373042, 0, 1, 0, -0.373042, 0, -0.927814, -12.7775, 1.06017, -28.5606 )

[node name="Cactus B9" parent="." instance=ExtResource( 7 )]
transform = Transform( 0.879148, -0.0641, -0.472218, -0.00264777, 0.99024, -0.139347, 0.476542, 0.123757, 0.870398, 19.8562, 1.51756, -31.2975 )

[node name="tree" parent="." instance=ExtResource( 8 )]
transform = Transform( 1, 0, 0, 0, 1, 0, 0, 0, 1, -6.27285, 2.58679, -32.0718 )

[node name="tower" parent="." instance=ExtResource( 9 )]
transform = Transform( -0.464273, 6.82087e-005, -0.461373, 0.000635937, 0.654533, -0.000543162, 0.461372, -0.00083354, -0.464273, -9.20995, -2.70319, -6.88746 )

[node name="cart" parent="." instance=ExtResource( 10 )]
transform = Transform( -0.822088, -0.497956, -0.276064, -0.508307, 0.86033, -0.0381571, 0.256507, 0.108957, -0.960381, 33.9839, 1.0282, -29.7125 )

[node name="MeshInstance2" type="MeshInstance" parent="."]
transform = Transform( 1.23569, 0, 0, 0, -0.240842, -0.182614, 0, 1.32312, 0.308034, -8.01322, -2.81839, -4.95531 )
mesh = SubResource( 2 )
material/0 = ExtResource( 11 )

[connection signal="animation_finished" from="AnimationPlayer" to="." method="_on_AnimationPlayer_animation_finished"]
[connection signal="timeout" from="Timer" to="." method="_on_Timer_timeout"]
