[gd_scene load_steps=7 format=2]

[ext_resource path="res://Levels/TestLevel/TestLevelAssets.tscn" type="PackedScene" id=1]
[ext_resource path="res://Player/Player.tscn" type="PackedScene" id=2]
[ext_resource path="res://Levels/Level Mechanics/Switch.tscn" type="PackedScene" id=3]
[ext_resource path="res://Levels/Level Mechanics/Gate.tscn" type="PackedScene" id=4]
[ext_resource path="res://Levels/Level Mechanics/Valve.tscn" type="PackedScene" id=5]
[ext_resource path="res://Levels/Level Mechanics/Faucet.tscn" type="PackedScene" id=6]

[node name="TestLevel" type="Spatial"]

[node name="LevelAsset" parent="." instance=ExtResource( 1 )]
transform = Transform( 7.15493e-009, 0, -0.6, 0, 0.6, 0, 0.6, 0, 7.15493e-009, 0, 0, 0 )

[node name="Player" parent="." instance=ExtResource( 2 )]
transform = Transform( 1, 0, 0, 0, 1, 0, 0, 0, 1, 26.2251, 3.45797, 18.7712 )

[node name="Switch" parent="." instance=ExtResource( 3 )]
transform = Transform( 1, 0, 0, 0, 1, 0, 0, 0, 1, 3.0049, 0.832574, -24.2782 )

[node name="Switch2" parent="." instance=ExtResource( 3 )]
transform = Transform( 1, 0, 0, 0, 1, 0, 0, 0, 1, -20.0917, 0.832574, -17.0113 )
connectedTo = 1

[node name="Gate0" parent="." instance=ExtResource( 4 )]
transform = Transform( 0.0341201, 0, 0.999418, 0, 1, 0, -0.999418, 0, 0.0341201, -0.238379, 1.4199, -30.7154 )

[node name="Gate1" parent="." instance=ExtResource( 4 )]
transform = Transform( -0.997125, 0, -0.0757762, 0, 1, 0, 0.0757762, 0, -0.997125, 21.4999, 1.4199, 15.2107 )
connectedTo = 1

[node name="Valve" parent="." instance=ExtResource( 5 )]
transform = Transform( 0.028231, 0, -0.999601, 0, 1, 0, 0.999601, 0, 0.028231, 23.0768, 3.13574, 2.37274 )

[node name="Faucet" parent="." instance=ExtResource( 6 )]
transform = Transform( -0.0402572, 0, 0.999189, 0, 1, 0, -0.999189, 0, -0.0402572, 24.3899, 2.94451, 25.7078 )

